12, 6.150693531614364, 3, false, (6,7), 12.690631370824375, 10, 5, (7,11), false
1, 1.0398391372676485, 2, true, (9,10), 12.846448178113379, 40, 10, (10,19), false
6, 3.759985685621939, 3, false, (17,10), 13.055404304622996, 44, 9, (9,11), false
8, 4.226474158120264, 3, false, (1,2), 13.591131197069393, 48, 10, (0,11), false
35, 13.5065183934003, 1, true, (7,10), 16.345393052541546, 1, 3, (5,11), false
0, 0.5235677539002846, 1, true, (19,11), 16.473257586632293, 34, 14, (13,3), false
9, 4.6677021848678875, 2, false, (4,6), 16.6960793561353, 0, 12, (7,15), false
7, 4.006510332964158, 1, true, (17,13), 16.899115600076836, 37, 11, (18,3), false
3, 1.2594075760505261, 1, false, (14,9), 17.37076751340937, 20, 15, (5,3), false
28, 10.90537794061037, 2, true, (18,17), 18.231693016995496, 31, 5, (15,19), false
24, 9.225250351990079, 2, false, (10,17), 20.29571632527955, 43, 5, (7,19), false
18, 7.841486447225362, 1, false, (5,2), 21.546253968508665, 32, 12, (12,7), false
41, 17.47840982843205, 1, false, (8,4), 22.399040715429038, 23, 6, (3,3), false
10, 5.323985331087442, 1, true, (3,17), 22.813582034761485, 22, 17, (10,7), false
2, 1.2026534801950928, 1, true, (16,2), 23.82627734113236, 2, 20, (9,15), false
31, 12.149313228609202, 1, false, (5,13), 23.897123295204764, 47, 10, (1,7), false
17, 7.790417020607457, 1, false, (19,16), 25.75593774650415, 3, 19, (5,11), false
5, 2.991796112245762, 1, true, (0,17), 25.78441070089214, 21, 19, (11,9), false
33, 13.029001162825034, 3, true, (7,5), 25.850012826654584, 15, 11, (16,3), false
13, 6.240923829625736, 1, true, (15,3), 25.968021583423017, 25, 15, (3,6), false
26, 9.567446639178588, 2, true, (6,18), 26.350406892701244, 46, 13, (8,7), false
23, 9.142729847027958, 1, false, (0,17), 26.39826630686101, 6, 10, (8,15), false
15, 7.378632644742169, 1, false, (1,1), 26.601415246798993, 24, 17, (8,11), false
27, 10.893001659752574, 1, true, (12,2), 26.966046619211884, 27, 12, (5,7), false
34, 13.437427281632015, 4, false, (10,12), 27.174706455819724, 10, 9, (14,7), false
21, 8.629140567653806, 2, true, (2,1), 27.766189143850454, 30, 13, (9,7), false
44, 19.154960823865615, 1, false, (17,9), 28.28417824527643, 42, 3, (18,7), false
22, 8.672925663146103, 1, true, (0,3), 28.480917017298466, 49, 20, (16,7), false
54, 24.715731787341788, 1, false, (11,11), 28.703016835238586, 44, 2, (13,11), false
49, 22.4078888083935, 1, true, (6,6), 28.761874011850352, 12, 4, (5,3), false
14, 7.369439313488291, 1, true, (18,0), 29.60080746411613, 11, 22, (11,15), false
4, 1.9264537927130836, 4, false, (0,16), 29.749814365361498, 16, 26, (12,2), false
36, 14.469275697495119, 2, true, (2,12), 31.856363217385837, 48, 15, (8,3), false
32, 12.618568103688599, 1, false, (16,18), 32.0274062726108, 28, 17, (14,3), false
42, 17.624574449752995, 2, false, (1,13), 32.31393847870356, 1, 13, (6,5), false
47, 21.984747990870616, 2, false, (7,8), 32.82667805025352, 33, 8, (14,7), false
25, 9.232317267172846, 3, false, (17,17), 34.15675678648515, 13, 25, (2,7), false
55, 25.83680824549141, 1, false, (0,7), 34.792396060263975, 47, 7, (7,7), false
40, 16.66706284781761, 1, false, (14,11), 35.6211751461402, 39, 18, (0,15), false
38, 15.116677423866205, 2, false, (7,7), 35.698700230409735, 19, 16, (11,19), false
19, 8.101858966039027, 1, true, (18,8), 35.97313130565422, 38, 25, (0,15), false
43, 17.8282423146018, 1, false, (11,0), 36.953113434971264, 45, 16, (12,15), false
30, 11.760074851888266, 2, true, (19,15), 37.96423250929731, 41, 25, (2,7), false
20, 8.280069808777357, 3, false, (19,11), 38.150161242818896, 8, 27, (3,0), false
11, 5.42567132251062, 1, true, (0,11), 38.47993102476748, 4, 27, (19,3), false
16, 7.389533886771211, 1, true, (0,0), 38.56857377611362, 14, 25, (14,11), false
45, 19.646078853939514, 1, true, (4,9), 39.289766699116534, 9, 19, (17,3), false
48, 22.32871311649718, 1, false, (8,6), 39.470736223223334, 26, 14, (13,15), false
29, 11.580842691732865, 3, true, (17,12), 40.017150132324865, 7, 24, (2,3), false
50, 22.462051311508613, 2, true, (15,8), 40.12995166531347, 18, 15, (3,11), false
64, 30.193028493482338, 3, true, (17,12), 40.677416239987885, 44, 7, (19,7), false
56, 26.366540466890335, 2, true, (7,13), 41.066106267357746, 5, 15, (9,0), false
51, 23.244260150228378, 4, false, (7,8), 42.25944664744828, 22, 14, (15,14), false
39, 16.047174837056097, 3, false, (17,5), 42.96610003040243, 35, 20, (7,15), false
63, 29.74723943100257, 3, false, (4,7), 43.025171464123716, 20, 9, (9,11), false
80, 36.81457554489803, 2, true, (10,15), 43.244182348292235, 19, 2, (12,15), false
59, 28.101110745615735, 1, true, (16,10), 43.498295721860046, 21, 8, (13,15), false
46, 20.98433616080025, 2, true, (1,15), 43.57779810890514, 0, 15, (12,11), false
61, 28.869428894809833, 2, false, (14,1), 43.90416082013983, 15, 11, (6,4), false
65, 30.320050462968307, 1, true, (18,6), 44.269964175258615, 42, 13, (7,8), false
53, 24.513514662802276, 1, true, (13,19), 46.17757033709372, 17, 20, (5,7), false
62, 29.585102171443044, 2, true, (2,5), 46.66776943210583, 12, 14, (2,19), false
77, 34.78449620627784, 1, false, (6,10), 46.68024255416894, 27, 11, (8,19), false
69, 32.546068227517054, 2, true, (14,13), 46.85478411711105, 11, 10, (10,7), false
83, 40.56452921293952, 1, true, (5,11), 47.0910757965489, 18, 5, (10,11), false
70, 32.73518107069252, 4, true, (18,2), 47.22443998658764, 16, 7, (14,5), false
76, 34.520953386812344, 3, false, (12,13), 48.65108902340647, 32, 9, (6,16), false
67, 31.217442117548174, 1, false, (9,18), 49.59442590188849, 43, 16, (14,7), false
52, 23.61373656182461, 2, false, (18,7), 49.63252804319898, 37, 21, (5,15), false
84, 40.717546643071955, 1, false, (1,8), 49.86103702025085, 13, 6, (0,3), false
79, 36.19611099727262, 2, true, (6,9), 50.67637939203636, 1, 12, (1,2), false
60, 28.31754656612304, 2, false, (9,18), 50.7291685257411, 40, 20, (5,2), false
85, 41.04654740798793, 1, false, (9,7), 50.86777501123267, 30, 9, (8,15), false
66, 31.019298009842345, 4, false, (1,13), 51.52751456352207, 24, 10, (8,10), false
78, 35.591472333748456, 2, true, (11,4), 52.63406016824328, 34, 16, (6,15), false
82, 40.220256501840495, 2, true, (14,4), 52.69035522044426, 28, 12, (19,11), false
37, 15.009493131249995, 2, false, (19,0), 53.004015592807136, 29, 36, (0,17), false
68, 32.0431069799325, 2, true, (10,19), 53.34096091043533, 2, 13, (1,15), false
72, 33.17925538811118, 1, true, (19,18), 53.51523119529676, 31, 14, (8,15), false
58, 27.893345636699316, 1, true, (1,5), 53.68058898428939, 25, 24, (15,15), false
73, 33.488000710313145, 1, false, (16,17), 53.95405860320333, 49, 11, (7,19), false
74, 33.9415077742376, 2, false, (4,11), 54.36615114658804, 3, 17, (14,18), false
57, 27.50733333519727, 1, false, (17,11), 55.020478784562435, 10, 21, (4,19), false
96, 48.30212291640603, 1, false, (7,8), 55.1002252507932, 42, 7, (5,3), false
71, 33.07404615664288, 2, false, (6,18), 55.32828703794997, 6, 17, (0,7), false
92, 44.33259169866222, 3, false, (8,9), 55.4252552462979, 46, 9, (15,7), false
91, 44.22983346332092, 1, false, (4,5), 58.74710194622174, 23, 15, (9,15), false
86, 43.43103220896007, 1, true, (6,14), 61.55664676713808, 35, 17, (18,19), false
93, 45.425388927165805, 1, false, (8,17), 61.66629210396867, 19, 9, (11,11), false
89, 43.863425427653304, 1, true, (6,7), 63.97355160270543, 47, 20, (14,19), false
104, 55.47366985884541, 2, true, (17,12), 65.1530811450819, 14, 5, (17,17), false
87, 43.59202147005912, 1, false, (1,4), 65.95371653232917, 7, 23, (10,18), false
75, 34.07068683091744, 2, true, (19,19), 67.35071095668137, 33, 17, (14,7), true
107, 56.91304030540779, 2, true, (7,13), 67.63977962267765, 30, 9, (0,11), false
81, 36.967432553860505, 2, true, (4,18), 67.76974366159682, 38, 23, (18,9), false
116, 61.21487335895403, 1, true, (9,5), 68.29439589180721, 5, 4, (7,7), false
94, 45.97771202086568, 1, false, (1,5), 68.44292087391315, 15, 19, (6,19), false
112, 59.392405415389995, 2, false, (0,3), 71.00038995834738, 42, 4, (4,3), false
115, 60.13763475130118, 1, false, (7,8), 71.48048550746678, 11, 7, (5,3), false
108, 58.20447923049418, 1, true, (0,16), 73.26370311828944, 29, 13, (10,19), false
133, 71.44790400278357, 2, true, (7,11), 74.29086288335525, 20, 1, (6,11), false
102, 52.73604003337235, 2, false, (17,16), 74.34435871477646, 28, 15, (14,4), false
114, 60.10995798864859, 2, true, (14,14), 75.1179437401428, 3, 12, (19,7), false
98, 50.17671430704928, 1, false, (4,0), 75.1306073007784, 8, 21, (2,19), false
105, 55.753863626756576, 1, false, (2,8), 75.35048772234742, 6, 17, (19,8), false
97, 48.84141899933576, 2, false, (1,18), 75.43618659126476, 12, 27, (11,1), false
88, 43.80388832057867, 4, false, (0,12), 75.51120092890756, 41, 24, (19,7), false
119, 64.59537336169524, 2, true, (14,8), 76.4534241310807, 46, 12, (10,0), false
99, 50.56117553477616, 1, true, (15,16), 76.68916434207578, 26, 24, (7,0), false
126, 68.11928577681755, 1, true, (9,12), 76.94157997392318, 19, 5, (7,15), false
117, 62.49789342318547, 2, true, (6,2), 77.11193728476904, 36, 11, (4,11), false
110, 59.06612153105788, 1, true, (3,8), 77.83536282658692, 17, 15, (13,13), false
95, 46.7552443182842, 2, false, (19,19), 77.97242310480374, 22, 21, (10,7), false
90, 44.1501254099894, 1, true, (16,19), 78.00438436180923, 21, 26, (9,0), false
125, 67.677608489208, 3, true, (18,16), 78.53008971385833, 35, 11, (12,11), false
111, 59.212377895877694, 3, false, (13,17), 79.12067292338476, 25, 16, (7,7), false
106, 55.79569737521711, 1, true, (3,0), 79.21583891373768, 13, 18, (12,9), false
103, 55.182039178845095, 1, true, (15,2), 79.5707822136688, 9, 25, (2,14), false
127, 68.43165835571718, 1, false, (14,10), 80.24971489932044, 0, 8, (11,15), false
100, 50.821464257678095, 1, true, (1,8), 80.66600776542022, 1, 22, (18,3), false
122, 66.09189032046814, 1, true, (19,11), 80.73859861995739, 44, 9, (17,18), false
136, 73.91487289866748, 1, false, (15,4), 80.76960233073152, 16, 5, (18,2), false
101, 51.216590426455, 4, false, (18,17), 80.92225103133944, 45, 16, (16,3), false
134, 72.07297948286671, 1, false, (5,12), 81.33164633771858, 37, 9, (10,16), false
123, 67.41441329462795, 1, false, (12,14), 81.9173146887735, 23, 12, (1,15), false
130, 70.17271855319035, 2, true, (15,18), 82.82813102653317, 47, 14, (4,15), false
118, 62.817845808618294, 1, false, (1,19), 83.43158089932297, 10, 18, (8,8), false
139, 75.5975026210866, 1, true, (4,18), 84.18328025383903, 15, 6, (7,15), false
142, 76.65092030581765, 1, true, (7,6), 84.41329070029049, 5, 6, (12,7), false
113, 59.61308724310974, 1, false, (0,5), 85.2064842909954, 48, 16, (12,9), false
124, 67.50502915862539, 1, true, (4,19), 85.22261332285852, 49, 15, (1,7), false
137, 74.90274777875416, 1, false, (7,14), 85.46668675117425, 31, 8, (0,15), false
109, 58.79976603964171, 1, true, (0,1), 86.25140416225828, 40, 18, (15,4), false
143, 76.8172533716453, 1, false, (9,3), 87.04563194565708, 12, 6, (15,3), false
138, 75.04799351917843, 1, false, (15,7), 87.37792668348114, 33, 10, (17,15), false
131, 70.27655590395669, 1, false, (14,17), 88.39615611973366, 7, 15, (8,8), false
135, 72.96340839353904, 3, true, (16,9), 88.5082252620804, 38, 15, (8,2), false
149, 81.47809816689353, 1, true, (2,15), 89.67416035611741, 9, 7, (9,15), false
132, 71.41160009337985, 2, true, (1,19), 90.3864211871798, 2, 15, (4,7), false
144, 79.14110048033123, 1, false, (2,17), 90.83373261169547, 8, 11, (0,8), false
129, 69.36933123552154, 1, true, (16,0), 92.61767048955332, 4, 17, (3,4), false
121, 66.05307296097547, 2, true, (15,9), 93.24078670951913, 43, 20, (1,15), false
140, 75.82630214704199, 1, true, (16,17), 93.48034130841512, 29, 11, (15,7), false
147, 80.16657199080682, 3, true, (18,12), 93.62481184167963, 6, 10, (17,3), false
120, 65.47088623321969, 2, false, (18,13), 95.37119823731699, 14, 26, (2,3), false
145, 79.63477915646925, 1, false, (11,7), 97.02935051102719, 22, 15, (14,19), false
148, 81.1437749081021, 1, false, (6,0), 98.15034875681563, 26, 16, (19,3), false
128, 68.74374794062958, 2, true, (1,19), 99.59575698291441, 39, 26, (11,3), false
146, 80.16451152627577, 2, true, (10,3), 99.94266672211239, 46, 18, (0,11), false
141, 76.22938213215131, 1, false, (19,3), 106.93426524329948, 3, 28, (3,15), false
